[-89.0, 84.0, -10.0, 46.0, 6.0, -67.0, 44.0, 12.0]
[0, -75.23595505617978, 67.52808988764045, 96.37078651685394, 37.48314606741573, -53.561797752808985, -73.12359550561797, 92.96629213483146]
[0, 0, 127.17084826762246, -21.42473118279569, 50.73476702508961, -63.36379928315412, -27.178016726403822, 28.878136200716856]
[0, 0, 0, -161.9725801375397, -61.92220880855301, 1.2009815204524443, 59.20119877491967, -129.24097395764827]
[0, 0, 0, 0, 65.04824298494572, 112.80676974682048, 96.22533439306497, 42.954337712922865]
[0, 0, 0, 0, 0, -121.03760922238808, 8.921485656524922, -62.92492986063272]
[0, 0, 0, 0, 0, 0, 42.442769027455114, 113.66244129882622]

x7 = 2.67801663047246; 
x6 = 0.7172714115479211; 
x5 = -4.545115524509484; 
x4 = 3.519656170289975; 
x3 = 3.5630290231220525; 
x2 = 1.0928352690880097; 
x1 = 2.7929989912981092; 
